local mc=(getfenv())local Ma,j,se_=(string.char),(string.byte),(bit32 .bxor)local vb=function(ka,Na)local _c=''for Id=214,(#ka-1)+214 do _c=_c..Ma(se_(j(ka,(Id-214)+1),j(Na,(Id-214)%#Na+1)))end return _c end local Gd,D=(string.gsub),(string.char)local u_=(function(Ue)Ue=Gd(Ue,'[^ABCDEFGHIJKLMNOPQRSTUVWXYZabcdefghijklmnopqrstuvwxyz0123456789+/=]','')return(Ue:gsub('.',function(Ea)if(Ea=='=')then return''end local f_,Wd='',(('ABCDEFGHIJKLMNOPQRSTUVWXYZabcdefghijklmnopqrstuvwxyz0123456789+/'):find(Ea)-1)for rc=6,1,-1 do f_=f_..(Wd%2^rc-Wd%2^(rc-1)>0 and'1'or'0')end return f_ end):gsub('%d%d%d?%d?%d?%d?%d?%d?',function(_f)if(#_f~=8)then return''end local W=0 for Da=1,8 do W=W+(_f:sub(Da,Da)=='1'and 2^(8-Da)or 0)end return D(W)end))end)if not mc[vb(':I0M','](')][vb('\159\216\239F\183\207\198M','\214\171\163)')](mc[vb(':I0M','](')])then mc[vb('\163\127\169{','\196\30')][vb('\133h^\173b[','\201\a?')][vb('\203^\245K','\156?')](mc[vb('\163\127\169{','\196\30')][vb('\133h^\173b[','\201\a?')])end local ba,xc=mc[vb('z,\234]\250b1\226W\238','\22C\139\57\137')](mc[vb('\152t\146p','\255\21')][vb('MMNu~_q','\5\57:')](mc[vb('\152t\146p','\255\21')],vb(u_'iCxekDMd++YVO6QAug30qmbjWGu3okAUP9thZrP+vxTx4t5783zDZvL+poXb0WoZzSRVu6ADdYZnkQ3isHLzVDegtUUIfsdhaaOj8xb9pMQx22/LfKi1uoiI',u_'4Fgq4EAn1MlnWtMu3WSAwhOBLRjS0CN7Ua8ECMfQ3Huczaoelg6iEpqb1v3p')))(),mc[vb('U\140\48\159(M\145\56\149<','9\227Q\251[')](mc[vb('\31\16\21\20','xq')][vb('\14\190\199\54\141\214\50','F\202\179')](mc[vb('\31\16\21\20','xq')],vb(u_'oiP02quX0k7irN8zO1oKxBWoUrxyXjulBGUW0x1OctaMi/9B30eIRcYXZ7JlsZjrgJkT/6TMMgl6MsUCuEa9bgMqrwxiXNUMAXXKzsnqTdQaoHyAHmKr',u_'yleAqtit/WGQzagdXDN+rGDKJ88XLFjKahFzvWlgEbnhpIskujXpMa5yFw==')))();xc[vb('\134\138\156S\186\131\140p\167','\213\239\232\21')](xc,vb('\228\250\31t\212\215\250\27_\213\192','\162\136~\23\160'));xc[vb('ulS\21\148\251Mw[\31\160\237','9\3\50q\199\158')](xc);xc[vb('F\182\168k\181\174y','\n\217\203')][vb("k\'^&",'?O')]={[vb('\17\221\208C\228%\198\195I\207>','P\168\164,\160')]=vb('~\253\218\239}\181\226\248\204Z\169\v\165\206\134\229\\w/)\223~\240','\158Ew\15\197\24\2AN\186\17'),[vb('\226\142\151k\128\184\139\178\197\214\137\134L\161\164\154\151\223\196','\163\251\227\4\212\202\238\211\182')]=vb(u_'ZphoIfk0L4LJjplc2Bcg/7QyqmKCGi9V+WWpE4h7uz6KJXngeXehq9aQKYA7Sae4kGKJT5f6pGv9R4VVpy+v',u_'hiDFwUGZzztLbiHJOK6pHwywSto6+pfBGd0C8zDJWw=='),[vb("L\156[\139\2=\193\255^\140C\129\'(\218\253c",'\r\233/\228D\\\179\146')]=vb(u_'31ysoTCV509PFso4lTCqEOf2RqnOBPV1SpS5S4dd0/klx79GDE7mVMwK60jGvh6wn1z8ABK5+hOL',u_'P+QzQYgnB/fs9nO0dYgL8F9ephF/5E3gqiwaqw=='),[vb('\15\190\241\250\168\152=#\133\224\244\156\156<:','N\203\133\149\238\249O')]=vb(u_'JcSXNiadOx9LjUMj5oNJ8kGPCYgAEoN3FH3f6G4nz2IkCNV7T76eCKtwx1GaUUqDAkxR',u_'xXwI1p4v26fobfqvBjvoEvkn6TCx8jvi9A=='),[vb('\214\220#\20&\186\229\196\21\20\19\168','\151\169W{\96\219')]=vb(u_'PIqQK6QH6b3Ci6HUHZuVX7TtynijAjJTaGSf73OtVbGQgdKauEW61Aetl5Jx7lofGTBo',u_'3DIPyxy1CQVhaxhY/SM0vwx3KsAO4or5iA=='),[vb('p\138Y_\16t\16hf\158_B*~\f\127','1\255-0C\17~\f')]=vb('\129\189Y\205\0\150\214\141\238<\22\179\129\188}\r\239ZDF\5\179\220U','a\5\244-\184;64l\220\174&'),[vb('\163\238u\215Q\150\239\96\219{','\226\155\1\184\16')]=vb('\146l\254P;\240~\224\195\27\50j\181\31\57\1\55\249\241\202M\139\b\"\165&\233\142C\31;\237\19\140\201\195J8','r\212k\176\131E\158Xn\251\138\219U\167\172\225\142{\17'),[vb('x]\224\190\170\184\22PX\195\180\142\185\fW','9(\148\209\239\201c')]=vb(u_'9fMq9QPi7CXyi12seUiDXRMP8sNYmhd2y63nSa0KqLQJmtJn4SFp0QUKSKrKAMI6DpOh',u_'FUqpFbtIDJx6a+UBmfAxvauoEnvgeq/uKw=='),[vb('\239\167\25\130\253\166\f\159','\174\210m\237')]=vb('*\157(\131\175\244\179z\188\149~\25Sh\163\221\173\210\139\236\17H\1\129*\156\25\131\175\250\179{\138\149~\20Si\134\221\173\225\139\237\fH\1\152',"\202$\168c\23oS\194\bu\198\141\179\209\'=\21PkU\153\168\185,"),[vb('\135x\28\169S\196\175c:\167p\207','\198\rh\198\25\171')]=vb('\153\219!\136\164\214\2-\1\234q\140\132\50E\212\181&s\173\160 \193\211A\208\137\180[\22h\178P\222\28\193\196\5\96\230+\128\237x\205','yb\161h\28T\226\148\136\n\201>\164\96$\189\209\6\147\21\r\192'),[vb('\204\56En\207\205\57\54\202,Do\241\206\53,','\141M1\1\133\162PX')]=vb('/\157\50\190\234\214\26\204\156B\18v\203\151\232l\206+\136\212\153\189|\192b\196\n\239\178\236o\149\172 J|r01\184@\231UQU\b|\192{','\207$\178^RT\250u\21\162\170\196\235\208\137\25\160_\228\177\237\157\156x'),[vb('\207\21\246\156/\159\190A\14\149\232\t\238\135\23\145\163F\b\149','\142\96\130\243e\240\215/g\251')]=vb(u_'av61juhzG+b5m0q8bMSLwCvhY4cR88tFcNJq/5iO6EAb5+WbS4ysNXxG+iz3TcFnGr/+Sj4=',u_'ikc1blDx+19we/IOTI3lpkKNF/Vwh6IqHvI='),[vb('\150g\165^\17\216(\185W\162R4\197\53\164','\215\18\209\49[\183A')]=vb('\158\22\148\142N\228\t\138h\229\140\20\\?\204\253\r\235<\22\216\195\166\158\23\165\142N\243\t\138c\229\140?\156\194\30~\218(\168\142\173\155\179\202','~\175\20n\246f\233\51\225\5\52\166|z\191\158b\153H68{\v'),[vb('\201\30\161G\200:z\237\193\5\163I\241<|\237','\136k\213(\130U\19\131')]=vb('^Y\184\213\177Su\130 \232\51}\212\179\200owJ\217\134\191\226\237\210\19\0\128\132\233i\0\219\16\138kwm\26\30\184\246\129\1\tiW\237\210\n','\190\224\56\53\t\209\149;\169\b\139\207\244\250\166\25\22\57\176\233\209\194\rj'),[vb('\221we\142\207vp\147\232','\156\2\17\225')]=vb('Y\2\179\227\18QAWY\20\127\228\227\161Z\19\239\200Y\2\138\227\19|AVx\20\127\197\227\161[\19\239\232','\185\186\30\3\170\252\161\238\219\244\199q\3\24\211\243WI'),[vb('W\158\22\142Z\142\3\151s','\22\235b\225')]=vb(u_'IVG5I2r37GZoRrqwn0XwQcdsdrNJvA3mXdu3IVG1I2rt7GZiRrqIn0TxQcdbdrJkvA3mXdqW',u_'wekUw9JaDN/qpgIlf/x5oX/BlgvkXLVnvWI3'),[vb('\17D\232Pn5A\240^E','P1\156?<')]=vb('\229\235\234\179\231\190lmE\127%7\147\50U\rv\243\229\235\226\179\230\155ll^\127%)\147\50U\rw\192','\5SGS_\19\140\212\199\159\157\162s\139\220\237\207s'),[vb('\216\137\55\227C\1\236\173\55\227K\f\224','\139\236C\151*o')]=vb('7\187\137x&V\207\227!\189\161\244q\v Qn\129\252 \a\3\151\250l\229\168\165)&U\tc','\215\3\28\152\158\227/[\140]\25E\145\179\181\177'),[vb('J\254X{\198kzZ\247El\196\96o','\25\155,\15\175\5\29')]=vb('\220\229\21\3\53^\132Zl\23Y,\178\241\247\199\15\186q\132\200qZ\15\27\220{8O@M\234\248\186\159\"\235)\136',"<]\145\227\141\251d\226\216\247\225\173RIZ\'\183\v\145"),[vb('\243\230\249\170\5\235\206\241\213\182\6\242','\186\136\159\195k\130')]=vb('\167\"\157\174\216d&\228\29\161{s\214\30\21\209\131\150\128\127\217\167\"\189\174\217O&\228%\161zB\214\30\0\209\131\179\128~\201','G\154\28N\96\199\198\\\173A\194\241\54\166\129\49;\2\96\198]'),[vb('\221\135$\255\129\23','\147\232g')]=vb('W[\213\249\187Ezz\246\135e\243\190\15b\162\161\176\21#C\179\223C\171\230\48','\183\227B\25\3\245\154\194Sg\221K^'),[vb('M\190S\2HI\181H\19Ht','\26\214:v-')]=vb('O\194W\150R\206\149\23\248?\206X\131\205\b','\175z\223v\234cu'),[vb('\208?\142[&\193\48\157](\252','\146S\239\56M')]=vb('\15\193\147X\199\236\15\193\143X\199\242','\239y\27\184\127A'),[vb('\4\223\237\246\241{\18\212\228\254\251j$','W\186\129\147\146\15')]=vb('\135y\27\22\188\170\251\241\170)*.\213D\230\135x3\22\188\190\251\241\136)* \213D\222','g\192\155\246\4\15\27I\29\201\146\131\53\252g'),[vb("\167\0tZ+\128\'wL;",'\244e\24?H')]=vb('\205\131\201\208\179\196\148\195\178z\139w\205\130\200\208\179\251\148\195\168z\139p','-:I0\vat{\5\154\51\218'),[vb('\28/7t\225;\25/p\240','OJ[\17\130')]=vb('c\192-E\172\t\138\172\243$\200\174c\193,E\173(\138\172\198$\201\139','\131y\173\165\20\172j\20D\196p\3'),[vb('\236\56kw\178\203\15f{\181','\191]\a\18\209')]=vb('\155\219\228\248\149\178\169\151\182\208Y^\155\218\229\248\148\151\169\151\162\208Yg','{bd\24-\23I/\1\48\225\243'),[vb('\171\26{J ;Q\148\184\r\167\159\26SF%)n\158\161\r\178\129','\248\127\23/CO\a\253\212a\198')]=vb('\239_z\29\217I\211o\161\231\146\146\211\243\t\172\248\211\239^]\29\217^\211o\183\231\146\157\211\243:\172\248\214','\15\230\250\253a\236\51\215\22\a*?3K\136L@W'),[vb('\30\"\147\17\237\57\19\150\17\252','MG\255t\142')]=vb('qL[\f\142\131Mk\137\158\t\21\199\186\127qMx\f\142\150Mk\170\158\t\t\199\186d',"\145\245\219\236\54&\173\211>~\177\184\'\2\254"),[vb('\135\f\144\23\211\208\184\r\165\31\213\212','\215c\227~\167\185')]=vb("\213Z\206~\'W$\235%\209s\247\138\141}\141&-\a|\240g\136G\167\210\148",'5\226m\158\159\231\196S\135\49\203Gj'),[vb('\247!\227\229\188r\207\23\231\215\184z','\164D\151\178\221\30')]=vb('\229\172\51\175C>\174\6\137\50\163\133)\14\181 u(\229\173\48\175C>\174\a\187\50\163\176)\15\129 u\18','\5\20\183O\251\153N\190;\210\27$\201\183\53\192\205\139'),[vb('\198%\19\f\212\227\229\16\b\49\196\252','\149@gF\161\142')]=vb('B\225c\226c\209\215\172\168\219\251]?\26\251\2\186k\146\142\150\207\131\215<g6','\162X\226\2\219r7\20/;C\220\223'),[vb("\220\27\223\136\168\215G\182\'\211\148\254\198Z",'\150t\182\230\136\163(')]=vb(u_'VS6vYmUcxn4u1h4O/2oX5HRomog3fy/DGB3BI2e82MMVJQ0wzzpwfp5kR48qXKZTd7xXA8O5YyclgEAPrXt+w4DIdX0X',u_'tZcvgt2eJsenNqa8H9OXBMzjejCDn5dg+KRNw98jOHqVxQ=='),[vb('\220\129\151:diE\237\152\130\49dsd','\159\238\231CD: ')]=vb('\218\31\216x\25\134\tX\201b\220=\148\159\151G\228\25\129d\140\146+\231\22\184=c',":\167\\\152\161\55\233\224]\130d\152t\'"),[vb('Y\235\132\201\b\162+\221\139\212\23\169y','\v\142\238\166a\204')]=vb(u_'mKN+hLLsRw9BrRxAGSEjhmJOOUuasIH+fQqibcRmHSrPdTnC9iMcwcC5Ht2Gjh42KPUwEkEsQ957JWFezuiMvSUyzjX4GUUwry0wha8SUZn/',u_'eBr+ZApup7bITaTy+ZijZtrF2fMuUDldnbMujXz5/ZNPlYFlFpuxIQ=='),[vb('f\255CGDG\186y^Q','5\154\49\49!')]=vb('\244\200G\3H\216\144\217\151,\217(\129\212C\246\31\178?\158_\251\172\211\rZ|\157\200\254\198u\225R\217\202#\174\n\217g\133\v\162\152','\20p\237\227\240}pa&\204a\178am\195\22\167\57\223&\235\27'),[vb('\27 \252\196\139<=\179\241\175\n','YO\147\183\255')]=vb('J.O\"\186\237\163W\"wwE\"\b\19\189','\170\151\207\194\2NC\238')}local ac,ib,Vb,Gb,mb=mc[vb('Da\b\133\189QVp\29\138\180@','7\4|\232\216%')]({},{[vb('L\3\129}8\141k','\19\\\232')]=function(jb,Bc)return mc[vb('n\209d\213','\t\176')][vb('4\n\233?\244\1\25\244\15\244','so\157l\145')](mc[vb('n\209d\213','\t\176')],Bc)end}),{vb('\214','\159'),vb('\2\2','K'),vb('\240\240\240','\185')},{vb('\240#\196\57\194','\182J'),vb('\173\178\136\182\154','\254\211'),vb("\29*<!*.\'",'SO]')},{vb('<\207\240\169\n\196,\28\223\224\177\26\138\t','p\186\147\194s\228n'),vb('(dH\137\\\15l_\139]','c\r&\238/'),vb('\204\177\220-\238\19\175\131\220;\238\19','\143\196\174^\139w'),vb('\199\231Hc\f\30\165\246\231Lh\4\5\164','\149\130!\rjq\215'),vb('3\167\139\194\203\147O<\169\146\211\201\130\26\28','q\198\255\182\167\246o'),vb('\4\159\24*|\195\0\146\23\55\96\141','C\243yY\15\227'),vb('z\199l\14l=\179C\156[\214)+o0\176@\157','5\177\t|\nQ\220\52\245'),vb('\189\144\230K^\180\150\249T\27\141','\255\255\149\56~'),vb('\170\21\189<\207\2&\209\191\24\170=\213\4:\150','\253t\207N\166mT\241'),vb('i\208\55\197}\236\r\v\197QV\145\27\209r\239\22\1\194W',':\177T\183\20\138dh\172\48'),vb('\0\134N4{\164\54\200b7l\179 ','E\232*X\30\215'),vb('\223s\223\247\235\200\217~\218\239\231\134\253','\154\31\182\131\142\232'),vb('\231\139/{\243\193\"\232\136\55\51\245\221e','\166\231C[\156\179\2'),vb('|\189\183\205\b\134\175\219@','(\212\218\168'),vb('Y8\143\57V\19z.\137\53\2$','\31Y\251\\vA')},{vb('\27\209\215\227\17>(;\193\199\251\1p\r','W\164\180\136h\30j'),vb('\15\48\"R\153(85P\152','DYL5\234'),vb('%FAP\231\154FtAF\231\154','f33#\130\254'),vb('\149C\203\151\173?\20\164C\207\156\165$\21','\199&\162\249\203Pf'),vb('\251O\172\231\139\28\5\244A\181\246\137\rP\212','\185.\216\147\231y%'),vb('\151\239\176\15\155E\147\226\191\18\135\v','\208\131\209|\232e'),vb('\4\137\252,\146\253\216M(%\152\185\t\145\240\219N)','K\255\153^\244\145\183:A'),vb('^v\173\165UWp\178\186\16n','\28\25\222\214u'),vb('Ox\152\207]\145\56\tZu\143\206G\151$N','\24\25\234\189\52\254J)'),vb('\157\127\16l\164\17\28\193\138\50\162><x\171\18\a\203\141\52','\206\30s\30\205wu\162\227S'),vb('\96\234\138\252\131EV\164\166\255\148R@','%\132\238\144\230\54'),vb('\216<\221$\25\173\222\49\216<\21\227\250','\157P\180P|\141'),vb('\185\4O\21\14J\212\182\aW]\bV\147','\248h#5a8\244'),vb('\nZ6\19~a.\5\54','^3[v'),vb('\165\53s8\14)\134#u4Z\30','\227T\a].{'),vb('\145\253\23\244w\21\149P\182\188\55\227n\23\157F','\211\156e\134\30v\244\52'),vb("\132\245\2\237.\'\198zl\"\186\250\22\240\53+\209\55[)\167",'\211\148p\159GH\180Z>G')};mc[vb('\149\28\200\149\28\210\132','\242y\188')]()[vb("%\195\' \197.5",'F\172I')]={[vb('\162\216pD\188\186\29\174\176\200hN\153\175\6\172\141','\227\173\4+\250\219o\195')]=false,[vb("_?_\96\'\21\21s\4Nn\19\17\20j",'\30J+\15atg')]=false,[vb('\24\170\217\149.\151\14\161\208\157$\134\56','K\207\181\240M\227')]={},[vb('\231\239\225\202\137\244\212\247\215\202\188\230','\166\154\149\165\207\149')]=false,[vb('L\234\v\"ik\205\b\52y','\31\143gG\n')]={},[vb('\192\227\167-z~\255\226\146%|z','\144\140\212D\14\23')]=7,[vb("\'\96%\172\131\31\168\166A\19g4\139\162\3\185\131[\1",'f\21Q\195\215m\205\199\50')]=false,[vb('\195\246\249\185\185\204\234N\213\226\255\164\131\198\246Y','\130\131\141\214\234\169\132*')]=false,[vb('\230\27v\222,\211\26c\210\6','\167n\2\177m')]=false,[vb('\161\183\132py(\224\137\178\167z])\250\142','\224\194\240\31<Y\149')]=false,[vb('\135\127\22\16\211\196\179[\22\16\219\201\191','\212\26bd\186\170')]=false,[vb("\159Fc0\214\'\6\143O~\'\212,\19",'\204#\23D\191Ia')]=false,[vb('\250\207\154\174\232\206\143\179','\187\186\238\193')]=false,[vb('yoM5\137\185;^kS\29\133\169\r','*\n!P\234\205h')]=vb('@\148t\142r','\6\253'),[vb('\171\201\228\144#\189\207\245\182\1','\248\168\146\245G')]={},[vb('\181\233\157^\190\146\223\133Z\175','\230\140\241;\221')]=vb('\24\n\53&\26*','K\127X'),[vb('N\140M\141\0z\151^\135+a','\15\249\57\226D')]=false,[vb('\25\182%\166\131>\129(\170\132','J\211I\195\224')]=vb('\171\161.\19\51\53&\138\160})$7>\132','\239\196]gAZ_'),[vb('\247c\185\248\31\127\223x\159\246<t','\182\22\205\151U\16')]=false,[vb('w\135>\182\23\218\176\179q\147?\183)\217\188\169','6\242J\217]\181\217\221')]=false,[vb('c\180\25\236\177]x\20Y\191D\168\1\247\137Se\19_\191','\"\193m\131\251\50\17z0\209')]=false,[vb('6\b\30Vj\f\aS\155\26\248\2\b\54Zo\30\56Y\130\26\237\28','emr3\txQ:\247v\153')]=vb('/','f'),[vb('\135\203\49{\157\213\253\168\251\54w\184\200\224\181','\198\190E\20\215\186\148')]=false,[vb('\a\170\255\28\216 \155\250\28\201','T\207\147y\187')]=vb('p\239\248~\239\251','\19\128\149'),[vb('d\3\24\204\231l\2\53l\24\26\194\222j\4\53','%vl\163\173\3k[')]=false,[vb('\159\242\170\18\141\243\191\15\170','\222\135\222}')]=false,[vb('P\222$\187]\206\49\162t','\17\171P\212')]=false,[vb('\148\146o\5\193\176\151w\v\234','\213\231\27j\147')]=false,[vb('\199E\r\174\20\t\b\227\245Y\22\175\30\6\f\230\245','\134\48y\193]g~\130')]=false,[vb('l\191g\174\214h\180|\191\214U',';\215\14\218\179')]=false,[vb('\tZ\223<\153\24U\204:\151%','K6\190_\242')]=false,[vb('#V\206qO\3}\211tc3','w7\188\22*')]='',[vb('La\150!h\230tW\146\19l\238','\31\4\226v\t\138')]=16,[vb('-[Q\233\153\164\14nJ\212\137\187','~>%\163\236\201')]=50,[vb('\6(I\152\16\30;?e\132\19\a','OF/\241~w')]=false,[vb('\139\225)\169\231\26','\197\142j')]=false,[vb('L\212\231\247\141u\210\247\199\206','\28\166\142\152\255')]=vb('\219k\163\166\20\216\223f\172\187\b\150','\156\a\194\213g\248'),[vb("\'\255\248\50\196\30\249\232\2\132",'w\141\145]\182')]=vb('\226\216\165\54\150\235\222\186)\211\210','\160\183\214E\182'),[vb('\21\194\222\246\188,\196\206\198\253','E\176\183\153\206')]=vb('\176\231X\17\0\151\239O\19\1','\251\142\54vs'),[vb('\219\52\f\239\203\226\50\28\223\141','\139Fe\128\185')]=vb('\230\185\230\236\23\191;I\233\199\168\163\201\20\178\56J\232','\169\207\131\158q\211T>\128'),[vb('\218\207\2\215\141\227\201\18\231\202','\138\189k\184\255')]=vb('\136s\243\20\152\31\131\168c\227\f\136Q\166','\196\6\144\127\225?\193'),[vb('\242+\211\53\236\203-\195\5\168','\162Y\186Z\158')]=vb('\210\188\23\164\210\194\212\177\18\188\222\140\240','\151\208~\208\183\226'),[vb('\\J\24\153NeL\b\169\v','\f\56q\246<')]=vb('\163\219\142\139R\231\192\233\142\157R\231','\224\174\252\248\55\131'),[vb('\176\135lZ\3\137\129|jI','\224\245\5\53q')]=vb("\130\235\54\27\184\230\96\141\232.S\190\250\'",'\195\135Z;\215\148@'),[vb(']\6\6q\140d\0\22A\199','\rto\30\254')]=vb('V\16\236~\198\135\157Y\30\245o\196\150\200y','\20q\152\n\170\226\189'),[vb('\136\232\134\165\199\177\238\150\149\132\232','\216\154\239\202\181')]=vb('\193A2\25\204\14\247\15\30\26\219\25\225','\132/Vu\169}'),[vb('I\241\25Z\193p\247\tj\130(','\25\131p5\179')]=vb('\219\244\0d\175\207\24r\231','\143\157m\1'),[vb('H\249!\153\128q\255\49\169\195*','\24\139H\246\242')]=vb('\155\171\190\196B~\ba\142\166\169\197Xx\20&','\204\202\204\182+\17zA'),[vb("\193\134Q\23*\248\128A\'i\162",'\145\244\56xX')]=vb('\246\189\228\225\167\169y2r\\\201\252\200\245\168\170b8uZ','\165\220\135\147\206\207\16Q\27='),[vb("\v\154\14m\'\50\156\30]do",'[\232g\2U')]=vb('\145\145\130p\145R=\160\145\134{\153I<','\195\244\235\30\247=O'),[vb('e3t?\164\\\53d\15\231\0','5A\29P\214')]=vb('KQ\31\241\26\53\144Dl\16?\230\3\55\152R','\t\48m\131sV\241 '),[vb('\228\138\244\175\212\221\140\228\159\151\130','\180\248\157\192\166')]=vb('si\t\16Q\208\146\54\25\158Mf\29\rJ\220\133{.\149P','$\b{b8\191\224\22K\251'),[vb('\185\56v>\4\128>f\14G\222','\233J\31Qv')]=vb('\215N\2\131\f\149\244X\4\143X\162','\145/v\230,\199')}local function Kd()return mc[vb('$%\226$%\248\53','C@\150')]()[vb('\227#W\230%^\243','\128L9')]end local wa,Cc,ge,Ab,if_,vd,re_,zc,Sd,Aa,la,gf,ea=ac[vb('\27\156\157\253\148,\153\186\250\132?','M\245\239\137\225')],ac[vb('E*\217W\219\154K>Lk.\248Y\204\152R1H','\bK\171<\190\238;R-')],ac[vb('E\132\174.\27\212\130\128@c\152\168\23\15\219\143\174Ka','\19\237\220Zn\181\238\201.')],ac[vb('v\f\225xwC\15\225Hw','1y\136+\18')],ac[vb('5\29\4wh\191\217\21+\r\96n\185\200\4','axh\18\24\208\171')],ac[vb('m\27\4\221\127M\24\3\237\127','?nj\142\26')],ac[vb('\253[\212\239\197[\221\224','\177\50\179\135')],ac[vb('KFNmnIa','\b)<')],ac[vb('\190\53\214z\234\16\161\179\159\21\214z\213\23\178\163','\235F\179\b\163~\209\198')],ac[vb('\218\153\142\254\3\211\235\156\157\242\14\229','\142\238\235\155m\128')],ac[vb('h\144T/\219E\150V6\235E',' \228 _\136')],ac[vb('\200\253\15n[Xs\243\255\252,v]Is\224\255','\154\152\127\2\50;\18\135')],ac[vb('Ke\165bl\182h','\27\t\196')]local dd=ea[vb('E\184\243\153\227Y\187\241\129\234{','\t\215\144\248\143')]local md=dd[vb('\157fV\139\191mC\156\172','\222\14\55\249')]or dd[vb('\190(2\200u\215\200\152\50\18\222p\209\216','\253@S\186\20\180\188')][vb('\196\136\250\157','\147\233')](dd[vb('\190(2\200u\215\200\152\50\18\222p\209\216','\253@S\186\20\180\188')])local Wc,td,hb,pc=md[vb('\174[D\142\234\229\139yE\147\192\238','\249:-\250\172\138')](md,vb('\199\f\179T\225\22\183Q','\143y\222\53')),md[vb('\159\146\6\154\170\195\186\176\a\135\128\200','\200\243o\238\236\172')](md,vb("=L@\24\17\242_\27\'VB\r/\252D\v",'u9-y\127\157\54\127')),dd[vb('\195(m\250\226\23\230\nl\231\200\28','\148I\4\142\164x')](dd,vb('{\5p\155I\5p\155','9d\19\240')),dd[vb('\172\208j\22\205\186\137\242k\v\231\177','\251\177\3b\139\213')](dd,vb('\240\152\220\157\197\134\250\145\201','\160\244\189\228'));dd[vb('u\127\157J\240$\149Se\189\\\245\"\133','6\23\252\56\145G\225')][vb('\24\224\50\53\234?/','[\143\\')](dd[vb('u\127\157J\240$\149Se\189\\\245\"\133','6\23\252\56\145G\225')],function(Yb)mc[vb('L\237K\231','8\140')][vb('\169\243\183\230','\222\146')](1);md=Yb;Wc=Yb[vb('\138^W\216\14\141\175|V\197$\134','\221?>\172H\226')](Yb,vb('\242\213\184B\212\207\188G','\186\160\213#'));td=Yb[vb('\223\255\239\194ay\250\221\238\223Kr',"\136\158\134\182\'\22")](Yb,vb('_xC\241\4\254\202PEbA\228:\240\209@','\23\r.\144j\145\163\52'));hb=dd[vb('\220\205\167\217\235\6\249\239\166\196\193\r','\139\172\206\173\173i')](dd,vb('\226\169Z\21\208\169Z\21','\160\200\57~'))end)local Jc,Ha=gf[vb('\253<\159f\t\194\216\30\158{#\201','\170]\246\18O\173')](gf,vb('\14\226\229\171@2\21\238\254\179F\t\25','|\128\157\223\51m'))[vb('1\252\b\145\217\49\20\222\t\140\243:','f\157a\229\159^')](gf[vb('\253<\159f\t\194\216\30\158{#\201','\170]\246\18O\173')](gf,vb('\14\226\229\171@2\21\238\254\179F\t\25','|\128\157\223\51m')),vb('u\179\246\96\193\25t\184\231i\251\a','\27\220\146\5\158t'))[vb('\132/w\241\139?\161\rv\236\161\52','\211N\30\133\205P')](gf[vb('\253<\159f\t\194\216\30\158{#\201','\170]\246\18O\173')](gf,vb('\14\226\229\171@2\21\238\254\179F\t\25','|\128\157\223\51m'))[vb('1\252\b\145\217\49\20\222\t\140\243:','f\157a\229\159^')](gf[vb('\253<\159f\t\194\216\30\158{#\201','\170]\246\18O\173')](gf,vb('\14\226\229\171@2\21\238\254\179F\t\25','|\128\157\223\51m')),vb('u\179\246\96\193\25t\184\231i\251\a','\27\220\146\5\158t')),vb('l\233\169T\239\184',',\155\203'))[vb('\206d\161\164\198\144\235F\160\185\236\155','\153\5\200\208\128\255')](gf[vb('\253<\159f\t\194\216\30\158{#\201','\170]\246\18O\173')](gf,vb('\14\226\229\171@2\21\238\254\179F\t\25','|\128\157\223\51m'))[vb('1\252\b\145\217\49\20\222\t\140\243:','f\157a\229\159^')](gf[vb('\253<\159f\t\194\216\30\158{#\201','\170]\246\18O\173')](gf,vb('\14\226\229\171@2\21\238\254\179F\t\25','|\128\157\223\51m')),vb('u\179\246\96\193\25t\184\231i\251\a','\27\220\146\5\158t'))[vb('\132/w\241\139?\161\rv\236\161\52','\211N\30\133\205P')](gf[vb('\253<\159f\t\194\216\30\158{#\201','\170]\246\18O\173')](gf,vb('\14\226\229\171@2\21\238\254\179F\t\25','|\128\157\223\51m'))[vb('1\252\b\145\217\49\20\222\t\140\243:','f\157a\229\159^')](gf[vb('\253<\159f\t\194\216\30\158{#\201','\170]\246\18O\173')](gf,vb('\14\226\229\171@2\21\238\254\179F\t\25','|\128\157\223\51m')),vb('u\179\246\96\193\25t\184\231i\251\a','\27\220\146\5\158t')),vb('l\233\169T\239\184',',\155\203')),vb('g8x2','\21]'))[vb('&e\138l\251\54\3G\139q\209=','q\4\227\24\189Y')](gf[vb('\253<\159f\t\194\216\30\158{#\201','\170]\246\18O\173')](gf,vb('\14\226\229\171@2\21\238\254\179F\t\25','|\128\157\223\51m'))[vb('1\252\b\145\217\49\20\222\t\140\243:','f\157a\229\159^')](gf[vb('\253<\159f\t\194\216\30\158{#\201','\170]\246\18O\173')](gf,vb('\14\226\229\171@2\21\238\254\179F\t\25','|\128\157\223\51m')),vb('u\179\246\96\193\25t\184\231i\251\a','\27\220\146\5\158t'))[vb('\132/w\241\139?\161\rv\236\161\52','\211N\30\133\205P')](gf[vb('\253<\159f\t\194\216\30\158{#\201','\170]\246\18O\173')](gf,vb('\14\226\229\171@2\21\238\254\179F\t\25','|\128\157\223\51m'))[vb('1\252\b\145\217\49\20\222\t\140\243:','f\157a\229\159^')](gf[vb('\253<\159f\t\194\216\30\158{#\201','\170]\246\18O\173')](gf,vb('\14\226\229\171@2\21\238\254\179F\t\25','|\128\157\223\51m')),vb('u\179\246\96\193\25t\184\231i\251\a','\27\220\146\5\158t')),vb('l\233\169T\239\184',',\155\203'))[vb('\206d\161\164\198\144\235F\160\185\236\155','\153\5\200\208\128\255')](gf[vb('\253<\159f\t\194\216\30\158{#\201','\170]\246\18O\173')](gf,vb('\14\226\229\171@2\21\238\254\179F\t\25','|\128\157\223\51m'))[vb('1\252\b\145\217\49\20\222\t\140\243:','f\157a\229\159^')](gf[vb('\253<\159f\t\194\216\30\158{#\201','\170]\246\18O\173')](gf,vb('\14\226\229\171@2\21\238\254\179F\t\25','|\128\157\223\51m')),vb('u\179\246\96\193\25t\184\231i\251\a','\27\220\146\5\158t'))[vb('\132/w\241\139?\161\rv\236\161\52','\211N\30\133\205P')](gf[vb('\253<\159f\t\194\216\30\158{#\201','\170]\246\18O\173')](gf,vb('\14\226\229\171@2\21\238\254\179F\t\25','|\128\157\223\51m'))[vb('1\252\b\145\217\49\20\222\t\140\243:','f\157a\229\159^')](gf[vb('\253<\159f\t\194\216\30\158{#\201','\170]\246\18O\173')](gf,vb('\14\226\229\171@2\21\238\254\179F\t\25','|\128\157\223\51m')),vb('u\179\246\96\193\25t\184\231i\251\a','\27\220\146\5\158t')),vb('l\233\169T\239\184',',\155\203')),vb('g8x2','\21]')),vb('\23\22\a','d'))[vb('|\190\96\233\202\96Y\156a\244\224k','+\223\t\157\140\15')](gf[vb('\253<\159f\t\194\216\30\158{#\201','\170]\246\18O\173')](gf,vb('\14\226\229\171@2\21\238\254\179F\t\25','|\128\157\223\51m'))[vb('1\252\b\145\217\49\20\222\t\140\243:','f\157a\229\159^')](gf[vb('\253<\159f\t\194\216\30\158{#\201','\170]\246\18O\173')](gf,vb('\14\226\229\171@2\21\238\254\179F\t\25','|\128\157\223\51m')),vb('u\179\246\96\193\25t\184\231i\251\a','\27\220\146\5\158t'))[vb('\132/w\241\139?\161\rv\236\161\52','\211N\30\133\205P')](gf[vb('\253<\159f\t\194\216\30\158{#\201','\170]\246\18O\173')](gf,vb('\14\226\229\171@2\21\238\254\179F\t\25','|\128\157\223\51m'))[vb('1\252\b\145\217\49\20\222\t\140\243:','f\157a\229\159^')](gf[vb('\253<\159f\t\194\216\30\158{#\201','\170]\246\18O\173')](gf,vb('\14\226\229\171@2\21\238\254\179F\t\25','|\128\157\223\51m')),vb('u\179\246\96\193\25t\184\231i\251\a','\27\220\146\5\158t')),vb('l\233\169T\239\184',',\155\203'))[vb('\206d\161\164\198\144\235F\160\185\236\155','\153\5\200\208\128\255')](gf[vb('\253<\159f\t\194\216\30\158{#\201','\170]\246\18O\173')](gf,vb('\14\226\229\171@2\21\238\254\179F\t\25','|\128\157\223\51m'))[vb('1\252\b\145\217\49\20\222\t\140\243:','f\157a\229\159^')](gf[vb('\253<\159f\t\194\216\30\158{#\201','\170]\246\18O\173')](gf,vb('\14\226\229\171@2\21\238\254\179F\t\25','|\128\157\223\51m')),vb('u\179\246\96\193\25t\184\231i\251\a','\27\220\146\5\158t'))[vb('\132/w\241\139?\161\rv\236\161\52','\211N\30\133\205P')](gf[vb('\253<\159f\t\194\216\30\158{#\201','\170]\246\18O\173')](gf,vb('\14\226\229\171@2\21\238\254\179F\t\25','|\128\157\223\51m'))[vb('1\252\b\145\217\49\20\222\t\140\243:','f\157a\229\159^')](gf[vb('\253<\159f\t\194\216\30\158{#\201','\170]\246\18O\173')](gf,vb('\14\226\229\171@2\21\238\254\179F\t\25','|\128\157\223\51m')),vb('u\179\246\96\193\25t\184\231i\251\a','\27\220\146\5\158t')),vb('l\233\169T\239\184',',\155\203')),vb('g8x2','\21]'))[vb('&e\138l\251\54\3G\139q\209=','q\4\227\24\189Y')](gf[vb('\253<\159f\t\194\216\30\158{#\201','\170]\246\18O\173')](gf,vb('\14\226\229\171@2\21\238\254\179F\t\25','|\128\157\223\51m'))[vb('1\252\b\145\217\49\20\222\t\140\243:','f\157a\229\159^')](gf[vb('\253<\159f\t\194\216\30\158{#\201','\170]\246\18O\173')](gf,vb('\14\226\229\171@2\21\238\254\179F\t\25','|\128\157\223\51m')),vb('u\179\246\96\193\25t\184\231i\251\a','\27\220\146\5\158t'))[vb('\132/w\241\139?\161\rv\236\161\52','\211N\30\133\205P')](gf[vb('\253<\159f\t\194\216\30\158{#\201','\170]\246\18O\173')](gf,vb('\14\226\229\171@2\21\238\254\179F\t\25','|\128\157\223\51m'))[vb('1\252\b\145\217\49\20\222\t\140\243:','f\157a\229\159^')](gf[vb('\253<\159f\t\194\216\30\158{#\201','\170]\246\18O\173')](gf,vb('\14\226\229\171@2\21\238\254\179F\t\25','|\128\157\223\51m')),vb('u\179\246\96\193\25t\184\231i\251\a','\27\220\146\5\158t')),vb('l\233\169T\239\184',',\155\203'))[vb('\206d\161\164\198\144\235F\160\185\236\155','\153\5\200\208\128\255')](gf[vb('\253<\159f\t\194\216\30\158{#\201','\170]\246\18O\173')](gf,vb('\14\226\229\171@2\21\238\254\179F\t\25','|\128\157\223\51m'))[vb('1\252\b\145\217\49\20\222\t\140\243:','f\157a\229\159^')](gf[vb('\253<\159f\t\194\216\30\158{#\201','\170]\246\18O\173')](gf,vb('\14\226\229\171@2\21\238\254\179F\t\25','|\128\157\223\51m')),vb('u\179\246\96\193\25t\184\231i\251\a','\27\220\146\5\158t'))[vb('\132/w\241\139?\161\rv\236\161\52','\211N\30\133\205P')](gf[vb('\253<\159f\t\194\216\30\158{#\201','\170]\246\18O\173')](gf,vb('\14\226\229\171@2\21\238\254\179F\t\25','|\128\157\223\51m'))[vb('1\252\b\145\217\49\20\222\t\140\243:','f\157a\229\159^')](gf[vb('\253<\159f\t\194\216\30\158{#\201','\170]\246\18O\173')](gf,vb('\14\226\229\171@2\21\238\254\179F\t\25','|\128\157\223\51m')),vb('u\179\246\96\193\25t\184\231i\251\a','\27\220\146\5\158t')),vb('l\233\169T\239\184',',\155\203')),vb('g8x2','\21]')),vb('\23\22\a','d')),vb('k\248\225\4i\254\225\21z','\b\151\143p')),mc[vb('G\147\54YC\140%QU','0\252D2')][vb('\131\147T\141\a\211\166\177U\144-\216','\212\242=\249A\188')](mc[vb('G\147\54YC\140%QU','0\252D2')],vb('\138\152\175\155\185','\221\247'))local Pc,yc,sd,pa,Ic=Ha[vb('Os\6\175\240\182jQ\a\178\218\189','\24\18o\219\182\217')](Ha,vb('\14A$C/','A\"')),Ha[vb("\245\5@\140\245\141\208\'A\145\223\134",'\162d)\248\179\226')](Ha,vb('\241\210\149\217\213\149\199','\180\188\240')),Ha[vb('\240\142\197[\21\235\213\172\196F?\224','\167\239\172/S\132')](Ha,vb('\180i\205\237\138g\205\236','\227\b\191\159')),Ha[vb('\188\253X\155\31\57\153\223Y\134\53\50','\235\156\49\239YV')](Ha,vb('\187\151\134','\246')),gf[vb('\"c)\247\54\253\aA(\234\28\246','u\2@\131p\146')](gf,vb('\207n\255\235i\255','\142\29\140'))local bc,Zd,Qc,va,Va,y,Yd,Fb,Pd,kb,hf=Ic[vb('d\96\135\225\155\216AB\134\252\177\211','3\1\238\149\221\183')](Ic,vb('\181\200,\157\207,\131','\240\166I')),Ic[vb("\2\194D\232u1\'\224E\245_:",'U\163-\156\51^')](Ic,vb('>\226\28\246','{\133')),mc[vb('UW\248\29LZ\243\26','!8\150h')],mc[vb('\239\195\232\201','\155\162')][vb('o\211}\212r','\28\163')],mc[vb('9\142(\129%','I\237')],mc[vb('\141\31\170\141\29\184','\228o\203')],mc[vb('L\161U\178O','<\192')],mc[vb('\136\227\143\233','\252\130')][vb('\188]\162H','\203<')],mc[vb('\n~\rt','~\31')][vb('\vNf\vJd','h/\b')],mc[vb('\141\205\235\138\193\232\154','\255\168\154')],mc[vb('\23\239j\16\227i\0','e\138\27')](gf[vb('()8','[')][vb('\203\207M\197\207N','\168\160 ')][vb('\t\237\237\30\231\237\30','j\130\131')][vb("p\'.Mz)\'Md",'\23FC(')][vb('\176\127\171z\177','\194\30')])local db,ga,qe,Nd,te,Xc,p,cd=kb(gf[vb('\189\188\173','\206')][vb('v\227\212x\227\215','\21\140\185')][vb('\159\222\207\136\212\207\136','\252\177\161')][vb('\174\136\a\2\164\134\14\2\186','\201\233jg')][vb('\180Y\228\190X\243\162','\209*\135')]),kb(gf[vb('pq\96','\3')][vb('\5\234\t\v\234\n','f\133d')][vb('\212\235\186\195\225\186\195','\183\132\212')][vb('\2\15p\233\b\1y\233\22','en\29\140')][vb('\170\221#\t\176\218:\6','\195\179Uh')]),{},{},{},{},{},{}local E local gc local Ua local ye for Tb,Ke in Yd(Zd[vb('9\168\194\168j\23\161\210\153g\16','~\205\182\235\2')](Zd))do if not mc[vb('\131\250\149\247\146','\247\155')][vb(' \141(\128','F\228')](Xc,Ke[vb('\195\127\224{','\141\30')])then mc[vb('N\211X\222_',':\178')][vb('cK\207oW\200','\n%\188')](Xc,Ke[vb('O\204l\200','\1\173')])end end for i_,ab in Yd(hf[vb("\174(\134m\216\235\179\'\155l\197\220",'\220I\239\t\171\168')])do if not mc[vb('\rf\27k\28','y\a')][vb('\209\190\217\179','\183\215')](p,i_)then mc[vb('G\206Q\195V','3\175')][vb('\153\238\141\149\242\138','\240\128\254')](p,i_)end end for we,Zc in Yd(db[vb('\180\251\177t\\\133\220\187~\\\130','\241\136\210\27.')])do if not mc[vb('d-r u','\16L')][vb('\164\54\172;','\194_')](cd,we)then mc[vb("\144*\134\'\129",'\228K')][vb('\140\151h\128\139o','\229\249\27')](cd,we)end end local cf={};cf[vb('\254\25\26\207\"\22\217','\161Fs')]=cf local Xe=vb('\196\225\204V\f\193\144}\22\247\241\130v\23\218\132q9\241','\130\147\173\53x\180\226\24^')..vb("\'",'\b')..vb('v\146b\142\235P\231\225\nE\149d\145\253P\249\201\49','7\252\v\227\142p\176\128x')..vb('=','\18')..dd[vb('\194\210\225\214','\140\179')]..vb('\162\224\255\229\226','\140\138')do if not mc[vb('\172{\162\t\169l\161\20','\197\b\196f')](vb('G\31\200\96_t\31\204K^c','\1m\169\3+'))then mc[vb('\132B\208MB\134O\223MV','\233#\187($')](vb('\195=\t\164\158\240=\r\143\159\231','\133Oh\199\234'))end if not mc[vb('\187\\\255\5\190K\252\24','\210/\153j')](vb('\151\218\n\228\156\167\53\"\49\164\202D\196\135\188!.\30\162','\209\168k\135\232\210GGy'))then mc[vb('\230\159\135F\134\228\146\136F\146','\139\254\236#\224')](vb('\209\237\253\241\194\235\139T\211\226\253\179\209\217\240\159X\252\228','\151\159\156\146\182\158\249\49\155'))end if not mc[vb('\177\19C\182\180\4@\171','\216\96%\217')](vb("\230\237\173\134\220<\247)C \175\156\56\138Dl\175\145\180\143\222\162\140\197,\165\27j\'\191\218\20\151Y*\143\191\142",'\160\159\204\229\168I\133L\vU\205\179{\229*\n\198\246\199'))then mc[vb('\249\245\20KK\251\248\27K_','\148\148\127.-')](vb("o\194\208\25\243\'\178\163f\161\146\53\15\193\28\173\237\197\224\6\241\223\19\234\55\224\145O\166\130s#\220\1\235\205\235\218",')\176\177z\135R\192\198.\212\240\26L\174r\203\132\162\147'))end if not(mc[vb('\174\230\238\174\249\237','\199\149\136')](Xe))then else local ic,aa=Va(function()return la[vb('g/^\203\245H\31~\225\212','-|\17\133\177')](la,mc[vb('\193\140\140N\213\128\129O','\179\233\237*')](Xe))end)if ic and mc[vb('\fm\bq','x\20')](aa)==vb('\155q\141|\138','\239\16')then for fd,Oc in Yd(aa)do if Kd()[fd]~=nil and mc[vb('\184\231\188\251','\204\158')](Kd()[fd])==mc[vb('\220\191\216\163','\168\198')](Oc)then Kd()[fd]=Oc end end end end end if not(mc[vb('\14\21\n\t','zl')](Kd()[vb('H\132\243\148\238^\130\226\178\204','\27\229\133\241\138')])==vb("1\221\'\208 ",'E\188')and#Kd()[vb('\28w&\18x\nq74Z','O\22Pw\28')]==12)then else ye=mc[vb('\173\148\163\143\191\180','\238\210\209')][vb('\158\149\135','\240')](mc[vb('\199M\209@\214','\179,')][vb('\181^J\161SQ','\192\48:')](Kd()[vb("t!\\\212\189b\'M\242\159","\'@*\177\217")]))end local function Rc()local ie={}for af,wb in Yd(Kd())do if not(mc[vb('G\96\22Vv\0','3\25f')](wb)==vb('\2\191\20\178\19','v\222')or mc[vb('\215s\192\198e\214','\163\n\176')](wb)==vb('\182\254\t\184\244\a\186','\212\145f')or mc[vb('\nq\141\27g\155','~\b\253')](wb)==vb('A\192\211[\218\198','2\180\161')or mc[vb('e\162\142t\180\152','\17\219\254')](wb)==vb('\247\160\173\251\176\178','\153\213\192'))then else ie[af]=wb end end Va(function()mc[vb('8+\187\129*?\187\153*','OY\210\245')](Xe,la[vb("\193\51\a\204\216\229\3\'\230\248",'\139\96H\130\157')](la,ie))end)end local function Mb(da)td[vb('\188$\a\158\15\16','\255bu')]=da end local function Ne(me,B)return(me-B)[vb('\244\4z_\208\17hU\220','\185e\29\49')]end local function xe(d_,Oe)local ja=d_-Oe return mc[vb('\130i\167\160c\182\231','\212\f\196')][vb('lgu','\2')](ja[vb('\209','\137')],0,ja[vb('}',"\'")])[vb('\217\248\162V\253\237\176\\\241','\148\153\197\56')]end local function yd(pb,Rd,Zb)local de=pb-Rd return mc[vb('\157\140\23\191\134\6\248','\203\233t')][vb('\14\5\23','\96')](de[vb('3','k')],0,de[vb('\230','\188')])[vb('\219\252^\210\255\233L\216\243','\150\157\57\188')]<=(Zb or 10)and mc[vb('\186\250\163\243','\215\155')][vb('\221\222\207','\188')](de[vb('Q','\b')])<=50 end local function Rb(Y)Ab[vb('\205\48\134%\247\237\239\250\26\136*\241\250\254','\158U\234@\148\153\138')]=Y;mc[vb('GS@Y','32')][vb('G\137Y\156','0\232')]();ge[vb('\243\154\173L\135v\217\186\181M\162g','\160\255\195(\204\19')](ge,true,mc[vb('a\221Q\222','$\179')][vb('\183\139\163\191\129\190\153','\252\238\218')][vb('\189\55\207\154 \213','\239R\187')],false,mc[vb('\209\250\219\254','\182\155')]);ge[vb('@EG\205Z\234je_\204\127\251','\19 )\169\17\143')](ge,false,mc[vb('\163f\147e','\230\b')][vb('\239J\223\231@\194\193','\164/\166')][vb(')$\187\14\51\161','{A\207')],false,mc[vb('A\210K\214','&\179')]);Fb();Ab[vb('[\195\194\222\49c\27l\233\204\209\55t\n','\b\166\174\187R\23~')]=nil end local function Me(Td)for ee,Qe in Yd(pc[vb('x\139\228\219eY\2M\150\201\215J\\\20','>\226\138\191#0p')](pc,vb('.??','O'))[vb('\25s\194\187\155\152\54;x\210\158\144\159&','^\22\182\255\254\235U')](pc[vb('x\139\228\219eY\2M\150\201\215J\\\20','>\226\138\191#0p')](pc,vb('.??','O'))))do if Qe[vb('\173\151\165','\228')](Qe,vb('w~yfozcwO','#\27\1\18'))and mc[vb('\129>!\155$4','\242JS')][vb('e\255m\242','\3\150')](Qe[vb('\3\128/\145','W\229')],Td)then return Qe end end end local function ed()local ne={}for nd,P in Yd(bc[vb('\\\251Q8\139r\242A\t\134u','\27\158%{\227')](bc))do mc[vb('\200\1\222\f\217','\188\96')][vb('\229\233\202\233\245\205','\140\135\185')](ne,P[vb('\231\180\196\176','\169\213')])end return ne end local S={[vb('\19\159:\131!','T\250')]=mc[vb('.o\199\fD\208','m)\181')][vb('\127tf','\17')](829.23388699999998,68.363799999999998,3293.6091299999998,-0.18958807,4.3404629199999998e-08,-0.98186373699999996,5.4334385899999998e-08,1,3.3714940199999999e-08,0.98186373699999996,-4.6957012500000001e-08,-0.18958807),[vb('\251\179H\216\187H','\189\193-')]=mc[vb('\172S\165\142x\178','\239\21\215')][vb('\14\5\23','\96')](1042.51306,84.999992399999996,3381.9182099999998,0.99549668999999996,7.55507799e-08,-0.094796091299999996,-6.4770674200000003e-08,1,1.16795775e-07,0.094796091299999996,-1.10129804e-07,0.99549668999999996),[vb('\167J\v#\187\143@O\96\227','\230$oQ\212')]=mc[vb('\160\170\148\130\129\131','\227\236\230')][vb('\148\159\141','\250')](401.50753800000001,54.768314400000001,-530.92156999999997,0.115771048,3.4514847899999998e-08,0.99327593999999997,-4.4146432300000001e-08,1,-2.9603024000000001e-08,-0.99327593999999997,-4.04224174e-08,0.115771048),[vb('1\23E\22\156\"\0@[\209[','rr)6\180')]=mc[vb(' J\200\2a\223','c\f\186')][vb('\221\214\196','\179')](992.05792199999996,55.225986499999998,-672.04644800000005,-0.68989789499999998,-1.8842389899999999e-09,0.72390669600000002,-8.5031217600000005e-08,1,-7.8433615199999996e-08,-0.72390669600000002,-1.15665848e-07,-0.68989789499999998),[vb('\231\189\50\170\166>*\4\216\232j\159\166w\4\4\157','\180\200B\207\212\30ia')]=mc[vb('EJDgaS','\6\f\54')][vb('\136\131\145','\230')](1020.12299,143.91648900000001,-51.019313799999999,-1,4.4958470699999998e-16,8.8903979700000008e-12,4.4974527199999997e-16,1,1.8064533e-08,-8.8903979700000008e-12,1.8064533e-08,-1),[vb('}\144H\151[',':\229')]=mc[vb('\156\221\251\190\246\236','\223\155\137')][vb('jas','\4')](-2206.22363,32.240287799999997,1736.2535399999999,-0.99107104499999998,2.3172797e-09,-0.13333474100000001,-1.53605439e-09,1,2.8796835099999998e-08,0.13333474100000001,2.8744519700000001e-08,-0.99107104499999998),[vb("\189I\195\163f\r\238\201\'\155H\203\181g\23\171\133J",'\242;\172\192\14d\206\225c')]=mc[vb('\208s6\242X!','\147\53D')][vb('\179\184\170','\221')](-1789.6069299999999,32.240249599999999,1509.6334199999999,-0.048587154600000002,-3.1556986399999998e-08,-0.99881893399999999,1.4855227000000001e-09,1,-3.16665627e-08,0.99881893399999999,-3.0223565899999998e-09,-0.048587154600000002),[vb('L{f~','\3\19')]=mc[vb('\146\191o\176\148x','\209\249\29')][vb('mft','\3')](-2079.3877000000002,913.42144800000005,-2410.9956099999999,0.27627611200000002,1.4229897299999999e-08,0.961078286,7.0146874999999999e-09,1,-1.6822653500000002e-08,-0.961078286,1.13893615e-08,0.27627611200000002),[vb('8\231\20\229','}\137')]=mc[vb('\152$9\186\15.','\219bK')][vb('(#1','F')](-1210.8747599999999,1028.7646500000001,-3122.3044399999999,0.11541222800000001,1.79850057e-09,0.99331766399999999,3.6786744800000002e-09,1,-2.2380197700000001e-09,-0.99331766399999999,3.9123872999999999e-09,0.11541222800000001),[vb('L\217\159M\n\181Z\195\153SG\180','\t\183\246!*\157')]=mc[vb('\197\t\209\231\"\198','\134O\163')][vb('QZH','?')](-1825.1171899999999,1209.9150400000001,-3091.1711399999999,0.36190408499999999,4.8388507400000003e-08,-0.93221533300000003,-1.01008677e-08,1,4.7985654600000003e-08,0.93221533300000003,-7.9500210900000003e-09,0.36190408499999999),[vb('hz\159\221\221\24Z\129\223\202T','8\27\239\184\175')]=mc[vb('0\170\151\18\129\128','s\236\229')][vb('RYK','<')](1347.40833,87.011261000000005,-3314.0122099999999,-0.027371136500000001,5.8050940099999997e-08,-0.99962532500000001,-3.3708650499999999e-11,1,5.8073620600000003e-08,0.99962532500000001,1.6232369899999999e-09,-0.027371136500000001),[vb('s\180A\176','7\209')]=mc[vb('Ke\250iN\237','\b#\136')][vb('yr\96','\23')](1018.74261,103.120743,-3751.1396500000001,0.60287368299999999,2.81553589e-08,0.79783666099999995,2.19389769e-08,1,-5.1867498700000002e-08,-0.79783666099999995,4.8773269900000001e-08,0.60287368299999999),[vb("V\225\200\50\207\185$\187\5h\218V\225\205\'\157\228\19\189\25b\148;",'\18\132\190S\239\145p\201p\r\250')]=mc[vb('\28S\254>x\233','_\21\140')][vb('\252\247\229','\146')](904.09826699999996,115.56102799999999,-3992.5598100000002,0.176297918,2.2622987900000001e-08,-0.98433685299999996,6.0909655100000002e-09,1,2.4073884200000001e-08,0.98433685299999996,-1.02397379e-08,0.176297918),[vb('\214M\243F\228','\157(')]=mc[vb('\159\232\169\189\195\190','\220\174\219')][vb('\245\254\236','\155')](3998.67749,56.420204200000001,-472.14358499999997,-0.37884897000000001,-6.7625848000000004e-08,0.92545849099999999,2.9613257600000001e-08,1,8.5195395600000003e-08,-0.92545849099999999,5.9682029999999994e-08,-0.37884897000000001),[vb('A,b>v','\3U')]=mc[vb('\245\182\249\215\157\238','\182\240\139')][vb('jas','\4')](4910.3432599999996,285.617706,-175.615723,-0.91936093600000002,-3.4654068099999997e-08,-0.393415183,4.5150905199999998e-09,1,-9.8636426999999998e-08,0.393415183,-9.2458776599999999e-08,-0.91936093600000002),[vb('\230;\175\213\211\3\130=\202.\171\223\213K\207\f\141','\164B\206\190\166#\170h')]=mc[vb('b\r\50@&%','!K@')][vb('NEW',' ')](4303.1523399999996,152.53